    1.0000000000     0.1577669280     0.1750327732    -1.5936285685     3.9937231869     3.2992366384    28.2736642690     1.7514407767     1.7551692045     1.4697762156     2.9104415450
    1.0000000000     0.1605328607     0.1740336960    -1.6239613833     3.9942362117     3.2863527051    28.2748945545     1.7540937495     1.7583939654     1.4785478091     2.9104697528
    1.0000000000    -0.1184223550     0.4275843350    -1.2325082676     2.8848695911     3.2961768765    28.2975738609     1.7083530094     1.2583969274     2.1484066632     2.7333766865
    1.0000000000    -0.1159716913     0.4650386967    -1.2008042033     2.9145998340     3.3046241988    28.3077852131     1.7022919952     1.1788775436     2.1670633415     2.7916624166
    1.0000000000    -0.0041572232     0.5445675231    -0.9656568524     3.3480702391     3.2855907437    28.2530796166     1.6812387150     1.0119892996     2.4766638102     2.6451186978
    1.0000000000    -0.1106942884     0.4561277754    -1.2434523997     2.9396201028     3.2663881516    28.2237938727     1.7006083951     1.1901729404     2.1255187126     2.8318862417
    1.0000000000    -0.1221338074     0.4716563472    -1.2089991465     2.8768139783     3.2598970619    28.2358977615     1.6999863174     1.1610447829     2.1827390927     2.8141119554
    1.0000000000     0.0394505437     0.5699784469    -0.5071266580     3.5234378294     3.3724645360    28.4419697876     1.6801054939     0.9671363488     2.4788713478     2.6618249510
    1.0000000000     0.1078095347     0.6082541369    -0.6258249545     3.8563385467     3.3628223176    28.3930207516     1.6673533632     0.9797455654     2.3349451259     2.8006982805
    1.0000000000     0.0150441412     0.5561441903    -0.5121345464     3.4332177396     3.3661530636    28.4182593616     1.6826364702     0.9753674375     2.4547242079     2.6766392065
    1.0000000000     0.0882014409     0.6370164098    -0.6624779179     3.7770985616     3.3553876713    28.3883492104     1.6622901645     0.9288994840     2.4213807712     2.7717027354
    1.0000000000    -0.0946735318     0.4829155594    -0.4683077387     2.9958878565     3.3512104776    28.3413777398     1.6890496684     1.1294370397     2.2191041090     2.7468330665
    1.0000000000     0.0498610905     0.5013520302    -0.4895331177     3.5741102269     3.3545016211    28.3484248642     1.6856885726     1.0864559449     2.3910739426     2.6196607002
    1.0000000000    -0.0773243965     0.4501475876    -0.5082130236     3.0727697905     3.3499999963    28.3140206807     1.6925736666     1.1900180403     2.2065006772     2.6934634927
    1.0000000000     0.0819460758     0.6338406809    -0.4712406002     3.7150962092     3.3558086878    28.3981897958     1.6695068364     0.8210999855     2.5991663110     2.6958473761
    1.0000000000    -0.0172735794     0.5030162728    -0.5173064360     3.3387768751     3.3592735085    28.3498299355     1.6826989209     1.1025255506     2.3213745162     2.6750062291
    1.0000000000    -0.1020996668     0.3099757183    -0.6284073808     3.0701328890     3.3748447008    28.2295009610     1.7047689868     1.4807120999     2.0638797221     2.5137833406
    1.0000000000    -0.0807585421     0.3154309618    -0.6132518151     3.1559681773     3.3658861118    28.2021280329     1.7019855469     1.4564042190     2.0799774943     2.5234069434
    1.0000000000     0.0660338327     0.6441944338    -0.5720513282     3.6896031948     3.3256291879    28.3162883618     1.6616641130     0.8676456832     2.6379711303     2.6139654887
    1.0000000000    -0.0229776966     0.4796529795    -0.5431658190     3.4234658272     3.3458858006    28.1371687991     1.6655965435     1.1687237222     2.6279447839     2.2665845645
    1.0000000000    -0.0582554001     0.5784659273    -0.6503449626     3.2980637221     3.3329020931    28.1043022836     1.6476540074     1.0045013298     2.8937064462     2.1818031680
    1.0000000000    -0.0187984793     0.3680420964    -0.5175906956     3.3709662844     3.3659730113    28.2472916397     1.6950136671     1.3630168454     2.1126592575     2.5932176146
    1.0000000000     0.0204775686     0.5668496377    -0.6143502421     3.4708052130     3.3430945166    28.3694033171     1.6688022536     1.0386485415     2.4479321481     2.6336723689
    1.0000000000     0.0390900893     0.5822461478    -0.5677351559     3.5918007532     3.3451980077    28.2949789093     1.6565203331     1.0610498817     2.5906433081     2.4555117243
    1.0000000000     0.1094395527     0.5236011268    -0.5572306955     3.8265165663     3.3500863154    28.3599203991     1.6642255183     1.2083717329     2.3569801702     2.5487002143
    1.0000000000    -0.0151786475     0.4351510273    -0.6365425918     3.3485202816     3.3287461889    28.2628616841     1.6885934123     1.2801220899     2.1763042871     2.6428000970
    1.0000000000    -0.0197634915     0.3922709009    -0.5864160739     3.3874872721     3.3497682237    28.1989209779     1.6854281715     1.3048044966     2.3596400768     2.4069437119
    1.0000000000    -0.1551115240     0.3579721586    -0.6537672618     2.8190789935     3.3338537965    28.2057675392     1.6957208905     1.4036676003     2.1222771907     2.5574500343
    1.0000000000     0.0578211828     0.4679204457    -0.5325813008     3.6462502152     3.3475885268    28.3031008909     1.6739950776     1.2401153306     2.3124758234     2.5452470842
    1.0000000000    -0.0019010681     0.6545888820    -0.6177956689     3.4025066059     3.3009789570    28.2785157072     1.6495639115     0.8769687586     2.7449258300     2.5060030109
    1.0000000000     0.9502996131     0.4573612419    -0.7228681007     2.1645953586     3.3573088222    28.1746499588     1.6852486013     1.0400550407     2.0338204549     2.9957992808
    1.0000000000     0.9484583383     0.4658266364    -0.7314726936     2.1716946657     3.3526075821    28.1694894931     1.6833937190     1.0404897978     2.0357716292     2.9976803016
    1.0000000000     0.9502789781     0.4423889820    -0.7099074613     2.1665487687     3.3321082534    28.1079962866     1.6771499692     1.0919508309     2.0386614435     2.9414858272
    1.0000000000     0.9477451157     0.4622317527    -0.7191415223     2.1775445357     3.3260201040    28.1007006660     1.6744663964     1.0622989115     2.0413309848     2.9748766677
    1.0000000000     0.9713785093     0.1005202473    -0.6738540254     2.0686973804     3.3740107352    28.1163199096     1.7011320817     1.9369045602     2.0332658546     2.0599382064
    1.0000000000     0.9628375343     0.4354849757    -0.4466616416     2.1051714612     3.3327489648    28.0601926267     1.6659742274     1.0271886015     3.0155203902     2.0014878212
    1.0000000000     0.9619369293     0.4449078508    -0.3976835480     2.1115403626     3.3008971345    27.9740777364     1.6498357901     1.0299309918     3.0160275886     2.0018791069
    1.0000000000     0.9628392894     0.4376193774    -0.3826376672     2.1107340061     3.3070392228    27.9967720486     1.6569715838     1.0266435609     3.0192724364     2.0015252861
    1.0000000000     0.9711823963     0.0914387331    -0.6570397776     2.0707603149     3.3488449318    28.0510966345     1.6920771598     1.9668028540     2.0366999219     2.0287002279
    1.0000000000     0.9640722741     0.4553504329    -0.3934133316     2.1123680524     3.2797797443    27.8893166407     1.6356347199     1.0300550574     3.0165215263     2.0019556603
    1.0000000000     0.2014265310     0.2200844806    -1.5979131597     3.9228488210     3.3225147953    28.3760735927     1.8023615441     1.7064864928     1.5184646204     2.9194508971
    1.0000000000     0.2090741632     0.2261852473    -1.6217356605     3.9126969357     3.2946992319    28.3327737500     1.8021248914     1.7054667624     1.5322008840     2.9188577895
    1.0000000000    -0.0956559871     0.4881215190    -1.2253526041     2.9260260099     3.3951415693    28.6681003555     1.7343418278     1.2004944680     2.1381835605     2.8237192822
    1.0000000000    -0.1012323321     0.4717853016    -1.2557850217     2.8681471105     3.3793110839    28.6590202350     1.7280455511     1.2717121427     2.1205337282     2.7817357786
    1.0000000000     0.0336682000     0.5450306542    -0.9810875458     3.4480498269     3.3937149233    28.7022568262     1.7320174841     1.0157331535     2.4609381610     2.6855806172
    1.0000000000    -0.0820071065     0.4342881273    -1.2732413792     2.9717356803     3.3592509278    28.6106459522     1.7580092305     1.2052499647     2.1359672171     2.8296097551
    1.0000000000    -0.0788102378     0.4750115770    -1.2219953854     2.9524472890     3.3407557281    28.5910104540     1.7500904651     1.1547922042     2.2189093870     2.8099872739
    1.0000000000     0.1065635187     0.6711370740    -0.5974294028     3.6448822736     3.4572023577    28.8090413814     1.6370357601     1.0335294390     2.3653842555     2.7630814122
    1.0000000000     0.1281446699     0.8319796851    -0.8167457049     3.7041354301     3.3689384565    28.7065104165     1.6040782797     0.8002927091     2.6428852896     2.7641336726
    1.0000000000     0.0910393586     0.7290737490    -0.7222847753     3.5990013307     3.4123473350    28.7724677583     1.6294856108     0.9351251719     2.5001913443     2.7511693366
    1.0000000000     0.1177778599     0.7782269058    -0.7551581087     3.6702837176     3.3989582160    28.7857488689     1.6120233937     0.8798247318     2.5252998129     2.7982245526
    1.0000000000    -0.0041040177     0.4900967520    -0.7297659135     3.2460406223     3.4415613334    28.9484568687     1.6549635703     1.2690591177     2.1327471650     2.7907375219
    1.0000000000     0.1812571291     0.7860346226    -0.8191887189     3.3384419964     3.3957257720    28.8539984993     1.5295090265     0.9374017759     2.6087464933     2.6851117045
    1.0000000000    -0.0260447520     0.4713416512    -0.6377235032     3.1710284681     3.4388213661    28.7653041705     1.7073432161     1.2426523489     2.1911713769     2.7093636835
    1.0000000000     0.1746353757     0.8593727962    -0.6801945059     3.5803516229     3.4509005318    28.8530059747     1.5512433151     0.7681303754     2.6672159717     2.7556742014
    1.0000000000     0.0162880926     0.5663134463    -0.6009386014     3.4096910513     3.4381997955    28.6969787682     1.6905431316     1.1112928048     2.3415668597     2.6850799462
    1.0000000000     0.2472649076     0.6309555554    -0.8224282593     3.4772411014     3.5294911764    29.0362429636     1.4638047529     1.2632156178     2.0867024384     2.8438679993
    1.0000000000     0.3351995853     0.6389003444    -0.7916956337     3.3522789433     3.3418795028    28.4441931829     1.5420981113     1.1562592495     2.1767360633     2.8398961332
    1.0000000000    -0.1021952860     0.2547657753    -0.6570762985     3.0335351607     3.5041014594    28.6983460162     1.7805518826     1.4915514088     2.0556321706     2.5255282999
    1.0000000000     0.5534791298     0.5119531775    -0.7287363464     2.9020761939     2.6847103667    26.4190860220     1.7903784758     0.9811084252     2.2746046493     2.8799132577
    1.0000000000     0.9491855203     0.3808788846    -0.7486523465     2.1850772643     3.5659875503    28.9099553180     1.8012428322     1.0492623821     2.0401092868     2.9968087480
    1.0000000000     0.9469642378     0.3894414185    -0.7590280673     2.1935586450     3.5579687371    28.8974283974     1.7982238884     1.0509819622     2.0423263116     2.9974250047
    1.0000000000     0.9493407262     0.3750438492    -0.7303525214     2.1888771009     3.5431208604    28.8518322521     1.7936260687     1.0657774498     2.0449695367     2.9790097909
    1.0000000000     0.9468344404     0.3858533592    -0.7423690654     2.1986311362     3.5340092930    28.8353592704     1.7901022051     1.0625392125     2.0478702505     2.9846663690
    1.0000000000     0.9643655627     0.3429876091    -0.4536162644     2.1199025445     3.5733984258    28.8825773441     1.7947403124     1.0373227221     3.0181599851     2.0025330951
    1.0000000000     0.9798890537     0.0816432314    -0.7025203848     2.0708729700     3.5614064765    28.6774190267     1.7987731789     1.9702018952     2.0391643720     2.0224523342
    1.0000000000     0.9615923395     0.3569430096    -0.4105163941     2.1304194751     3.5488714849    28.8326342601     1.7843551962     1.0406643482     3.0194243327     2.0033245320
    1.0000000000     0.9635610202     0.3424922112    -0.4015767932     2.1271743254     3.5499629546    28.8209029248     1.7846162519     1.0370821420     3.0210058555     2.0040179999
    1.0000000000     0.9799363671     0.0843842864    -0.6827336089     2.0742027695     3.5343344802    28.6047854185     1.7881573339     1.9744422781     2.0428551212     2.0173260092
    1.0000000000     0.9647875718     0.3562639155    -0.4035078898     2.1289273869     3.5421210842    28.7793407394     1.7718586430     1.0403782363     3.0162963560     2.0063436962
    1.0000000000     0.9550410350     0.5747309110    -0.9511684535     2.1687426190     3.4469144065    28.1874227720     1.4521657374     1.2433224818     2.7987840208     2.0375779558
    1.0000000000     0.8981961516     0.5752513570    -0.8336902155     2.3612929059     3.9111283579    29.1826758105     0.8837901633     1.0510407137     2.1257668085     2.9874425228
    1.0000000000     0.8934103784     0.5795814525    -0.8680143768     2.3828451595     3.8780075937    29.1706887471     0.9145630679     1.0574016373     2.1671199914     2.9512451548
    1.0000000000     0.9629349033     0.4720825945    -0.2934993856     2.1342361234     3.4002838317    28.3994833710     1.7159480191     1.0416196034     2.0226301941     2.9979995137
    1.0000000000     0.9611046133     0.4832538533    -0.3002720362     2.1418712282     3.3934685116    28.3933711394     1.7133249696     1.0431354109     2.0237907666     2.9995233216
    1.0000000000     0.9603338894     0.4705651043    -0.3215868512     2.1439484111     3.3738994722    28.3374602849     1.7076999915     1.0599829025     2.0278822080     2.9792402118
    1.0000000000     0.9579004290     0.4821162766    -0.3331651950     2.1542649001     3.3653150245    28.3309986873     1.7048976144     1.0596179811     2.0306679872     2.9823478109
    1.0000000000     0.9294852185     0.4947226576    -0.4649920020     2.2471217481     3.9600584750    29.0500442912     0.8724828026     1.0553728060     3.0459904108     2.0088504024
    1.0000000000     0.9841127917     0.0831889775    -0.2730336863     2.0333631555     3.4428779731    28.3728322285     1.7299387536     1.9672337308     2.0284246324     2.0207504386
    1.0000000000     0.9772782889     0.4463820713    -0.0048446172     2.0746761402     3.4149750214    28.3246358611     1.6988378734     1.0306910016     2.9976208145     2.0034018431
    1.0000000000     0.9465550312     0.0838410904    -0.6388369399     2.1583781687     3.8535710747    28.9311849606     1.0669637879     1.7781169731     2.2900913224     2.0078194346
    1.0000000000     0.9757488449     0.4583695595    -0.0074081586     2.0804655738     3.3898086443    28.2561423617     1.6842802745     1.0329579652     2.9963254646     2.0053061186
    1.0000000000     0.9811215517     0.0898448155    -0.3014011932     2.0444176866     3.4242362982    28.3260979152     1.7126905712     1.9582250113     2.0454933007     2.0179265156
    1.0000000000     0.9296044653     0.5128662307    -0.4510579018     2.2508067851     3.9645780995    28.9825431035     0.8437574362     1.0531652061     3.0516885199     2.0081466546
    1.0000000000     0.9748245124     0.4722191336    -0.0035064037     2.0845008447     3.3590617260    28.1698262690     1.6707892340     1.0357011510     2.9985777918     2.0026324744
    1.0000000000     0.1794906065     0.4652659237    -0.6591856951     3.6130466731     3.4909074517    28.9007935072     1.6740224001     1.0562398205     2.2130174135     2.8560643714
    1.0000000000    -0.0679750218     0.4163766809    -0.6762082267     3.0917303442     3.4471793720    28.6764028508     1.7503265028     1.1623101753     2.1401108002     2.7977722187
    1.0000000000     0.2428272215     0.5358612840    -0.7579227550     3.6148685710     3.4829354359    29.0218747876     1.6233681526     0.9453925968     2.3510672833     2.8646899270
    1.0000000000    -0.0995729827     0.3839206962    -0.7986325732     2.9698179423     3.4294794344    28.6583143265     1.7571192400     1.2200685129     2.1218836949     2.7690319861
    1.0000000000     0.1671933924     0.2637358968    -0.6697697851     3.7274411218     3.3489826591    28.3695732027     1.7758003917     1.5651928664     1.6900159960     2.8379131067
